verification/cern_meyrin/format_6_grid_asc_meyrin_dtm_20200522_122939/MN_Surface_2017_GRID.asc
ncols 356
nrows 259
xllcorner 2492682.5
yllcorner 1121058.5
cellsize 0.5
[rows 220 to 239 of 259, columns 264 to 307 of 356]
436.822998046875 436.8160095214844 436.80499267578125 436.82000732421875 436.8139953613281 436.79998779296875 436.8059997558594 436.8030090332031 436.81201171875 436.7959899902344 436.80999755859375 436.80499267578125 436.802001953125 436.7909851074219 436.7869873046875 436.7820129394531 436.7980041503906 436.7950134277344 436.802001953125 436.8080139160156 436.81201171875 436.79998779296875 436.802001953125 436.79400634765625 436.78900146484375 436.78399658203125 436.77301025390625 436.77398681640625 436.7799987792969 436.77801513671875 436.7749938964844 436.7690124511719 436.7569885253906 436.7749938964844 436.7720031738281 436.7569885253906 436.7669982910156 436.739013671875 436.7489929199219 436.7590026855469 436.7640075683594 436.7669982910156 436.7699890136719 436.76300048828125
436.81500244140625 436.8210144042969 436.8190002441406 436.8280029296875 436.8380126953125 436.81500244140625 436.8070068359375 436.8240051269531 436.8160095214844 436.7929992675781 436.81298828125 436.7980041503906 436.7799987792969 436.8030090332031 436.79400634765625 436.7959899902344 436.7919921875 436.81500244140625 436.79400634765625 436.7900085449219 440.5299987792969 436.7850036621094 436.79901123046875 436.802001953125 436.77099609375 436.7799987792969 436.7699890136719 436.7640075683594 436.76300048828125 436.760009765625 436.77099609375 436.7560119628906 436.760986328125 436.7619934082031 436.7640075683594 436.7799987792969 436.7669982910156 436.74798583984375 436.76300048828125 436.76300048828125 436.7650146484375 436.760009765625 436.7669982910156 436.75799560546875
436.8399963378906 436.8450012207031 436.81500244140625 436.8370056152344 436.8190002441406 436.8330078125 436.8240051269531 436.822998046875 436.8299865722656 436.84100341796875 436.8269958496094 436.8210144042969 436.8210144042969 436.8240051269531 436.80499267578125 436.8169860839844 437.7909851074219 436.8110046386719 440.61700439453125 440.64300537109375 440.56500244140625 440.52099609375 436.7879943847656 436.78900146484375 436.7820129394531 436.7590026855469 436.77398681640625 436.7449951171875 436.76800537109375 436.7760009765625 436.7720031738281 436.7699890136719 436.76800537109375 436.7690124511719 436.7820129394531 436.7650146484375 436.74798583984375 436.7749938964844 436.77301025390625 436.77398681640625 436.75299072265625 436.77398681640625 436.7650146484375 436.77899169921875
436.85699462890625 436.8599853515625 436.8630065917969 436.82598876953125 436.83599853515625 436.8429870605469 436.8479919433594 436.8059997558594 436.8380126953125 436.8450012207031 436.85101318359375 436.84698486328125 436.8349914550781 436.8169860839844 436.8210144042969 436.82000732421875 440.6440124511719 440.6600036621094 440.6409912109375 440.6090087890625 440.57598876953125 440.5539855957031 436.7860107421875 436.7879943847656 436.7460021972656 436.74200439453125 436.77398681640625 436.76300048828125 436.76300048828125 436.7659912109375 436.77899169921875 436.7869873046875 436.7829895019531 436.76800537109375 436.7770080566406 436.76800537109375 436.7560119628906 436.781005859375 436.77801513671875 436.7659912109375 436.7659912109375 436.7619934082031 436.7590026855469 436.79400634765625
436.8710021972656 436.8590087890625 436.8380126953125 436.85198974609375 436.8680114746094 436.8590087890625 436.84600830078125 436.86199951171875 436.85101318359375 436.8479919433594 436.8550109863281 436.85400390625 436.8420104980469 436.8349914550781 436.8399963378906 440.7640075683594 440.68499755859375 440.6610107421875 440.64801025390625 440.6159973144531 440.58099365234375 440.572998046875 440.5740051269531 436.7560119628906 436.75 436.7340087890625 436.7539978027344 436.7650146484375 436.7669982910156 436.76300048828125 436.76800537109375 436.7820129394531 436.7820129394531 436.7860107421875 436.77801513671875 436.781005859375 436.7669982910156 436.7659912109375 436.7829895019531 436.7879943847656 436.77398681640625 436.7720031738281 436.77398681640625 436.7829895019531
436.87200927734375 436.8810119628906 436.8739929199219 436.87200927734375 436.8819885253906 436.8659973144531 436.87200927734375 436.8590087890625 436.8529968261719 436.87298583984375 436.875 438.3089904785156 438.5 436.8210144042969 440.7590026855469 440.7250061035156 440.69500732421875 440.7030029296875 440.6619873046875 440.6340026855469 440.6080017089844 440.61199951171875 440.5799865722656 436.7560119628906 436.7749938964844 436.7770080566406 436.7349853515625 436.7430114746094 436.76300048828125 436.75299072265625 436.7560119628906 436.7820129394531 436.7900085449219 436.7619934082031 436.7909851074219 436.7909851074219 436.7909851074219 436.7749938964844 436.78399658203125 436.75299072265625 436.7749938964844 436.7799987792969 436.8070068359375 436.8179931640625
436.885009765625 436.9070129394531 436.9200134277344 436.8869934082031 436.89300537109375 436.8840026855469 436.88299560546875 436.9020080566406 436.8970031738281 437.0719909667969 438.0379943847656 440.8710021972656 440.8890075683594 440.8110046386719 440.75299072265625 440.7539978027344 440.72100830078125 440.6990051269531 440.67999267578125 440.6510009765625 440.6189880371094 440.6109924316406 440.5790100097656 440.5669860839844 436.77099609375 437.0799865722656 436.7640075683594 436.7720031738281 436.760009765625 436.7720031738281 436.77398681640625 436.7699890136719 436.8009948730469 436.7919921875 436.7749938964844 436.7919921875 436.7869873046875 436.78900146484375 436.781005859375 436.7860107421875 436.7959899902344 436.80499267578125 436.79400634765625 436.8320007324219
436.89300537109375 436.968994140625 436.93701171875 436.9219970703125 436.9020080566406 436.9360046386719 436.8940124511719 436.8919982910156 436.906005859375 437.02301025390625 436.8810119628906 440.86700439453125 440.87298583984375 440.8900146484375 440.7900085449219 440.7720031738281 440.73199462890625 440.7090148925781 440.6960144042969 440.6610107421875 440.63800048828125 440.62799072265625 440.5820007324219 440.5830078125 440.5669860839844 436.760009765625 436.7699890136719 436.7640075683594 436.7690124511719 436.7929992675781 436.78399658203125 436.7760009765625 436.7619934082031 436.7869873046875 436.7959899902344 436.7929992675781 436.7969970703125 436.78900146484375 436.7799987792969 436.79998779296875 436.7749938964844 436.79901123046875 436.8179931640625 436.80999755859375
436.9159851074219 436.9639892578125 436.9639892578125 436.95599365234375 436.9490051269531 436.9429931640625 436.89801025390625 436.8919982910156 436.88299560546875 436.85198974609375 437.4830017089844 438.6180114746094 440.8869934082031 440.8890075683594 440.8590087890625 440.78399658203125 440.77099609375 440.7130126953125 440.7049865722656 440.6759948730469 440.6549987792969 440.6449890136719 440.6090087890625 440.59600830078125 440.5830078125 440.5480041503906 436.79998779296875 436.7760009765625 436.77398681640625 436.7879943847656 436.7950134277344 436.80499267578125 436.79998779296875 436.78399658203125 436.80999755859375 436.8009948730469 436.8030090332031 436.8039855957031 436.80499267578125 436.802001953125 436.7909851074219 436.822998046875 436.82598876953125 436.8559875488281
436.94500732421875 436.97601318359375 436.99700927734375 437 436.9830017089844 436.96099853515625 436.8999938964844 436.89599609375 436.8869934082031 436.9280090332031 437.0769958496094 436.89898681640625 436.9070129394531 440.8840026855469 440.9049987792969 440.8479919433594 440.76300048828125 440.7669982910156 440.718994140625 440.7179870605469 440.6830139160156 440.635009765625 440.6319885253906 440.6090087890625 440.5740051269531 440.5539855957031 436.7879943847656 436.77398681640625 436.7909851074219 436.78399658203125 436.7919921875 436.8070068359375 436.77801513671875 436.77899169921875 436.7850036621094 436.8039855957031 436.8039855957031 436.81298828125 436.8039855957031 436.7980041503906 436.8030090332031 436.81500244140625 436.8429870605469 436.8559875488281
436.9700012207031 436.9939880371094 437.0570068359375 437.03900146484375 437.0589904785156 436.9110107421875 436.9119873046875 436.8999938964844 436.8919982910156 436.8819885253906 436.8559875488281 436.8710021972656 436.8900146484375 440.9179992675781 440.885986328125 440.885009765625 440.81500244140625 440.7720031738281 440.75799560546875 440.71099853515625 440.68798828125 440.6619873046875 440.635986328125 440.6189880371094 440.5799865722656 440.56201171875 440.5350036621094 436.7909851074219 436.781005859375 436.7929992675781 436.79400634765625 436.78900146484375 436.7820129394531 436.7980041503906 436.7950134277344 436.79998779296875 436.7969970703125 436.79400634765625 436.81298828125 436.8290100097656 436.85198974609375 436.85198974609375 436.85198974609375 436.85400390625
437.0039978027344 436.9960021972656 437.00299072265625 436.9880065917969 436.9469909667969 436.9320068359375 436.90899658203125 436.90301513671875 436.90301513671875 436.87200927734375 436.8940124511719 436.88800048828125 436.8949890136719 436.8999938964844 440.8970031738281 440.8890075683594 440.8760070800781 440.7749938964844 440.77899169921875 440.7330017089844 440.7090148925781 440.69000244140625 440.64898681640625 440.63299560546875 440.6050109863281 440.5920104980469 440.5780029296875 436.79400634765625 436.8080139160156 436.7919921875 436.7909851074219 436.8089904785156 436.8110046386719 436.81298828125 436.7929992675781 436.7909851074219 436.81201171875 436.81500244140625 436.8340148925781 436.8009948730469 436.8689880371094 436.8680114746094 436.8529968261719 436.8559875488281
437.0469970703125 436.9800109863281 436.9339904785156 436.9460144042969 436.9440002441406 436.9280090332031 436.8900146484375 436.9020080566406 436.92498779296875 436.8869934082031 436.9049987792969 436.9070129394531 436.8999938964844 436.8869934082031 440.8630065917969 440.89599609375 440.89801025390625 440.80999755859375 440.7650146484375 440.7439880371094 440.7229919433594 440.6960144042969 440.66400146484375 440.6579895019531 440.6390075683594 440.6130065917969 440.5840148925781 440.5589904785156 436.8179931640625 436.82501220703125 436.822998046875 436.79901123046875 436.8039855957031 436.8169860839844 436.80999755859375 436.8110046386719 436.8190002441406 436.83099365234375 436.8559875488281 436.8580017089844 436.8590087890625 436.83599853515625 436.8689880371094 436.8840026855469
437.0790100097656 437 436.9469909667969 436.9460144042969 436.94000244140625 436.9429931640625 436.9280090332031 436.89898681640625 436.9219970703125 436.9100036621094 436.9209899902344 436.9150085449219 436.93499755859375 436.9049987792969 436.9010009765625 440.87298583984375 440.9119873046875 440.8819885253906 440.81500244140625 440.7659912109375 440.74798583984375 440.7070007324219 440.6730041503906 440.6520080566406 440.62298583984375 440.6099853515625 440.5880126953125 440.5719909667969 440.5719909667969 436.8320007324219 436.8240051269531 436.8349914550781 436.8009948730469 436.8009948730469 436.81298828125 436.8169860839844 436.8089904785156 436.8559875488281 436.843994140625 436.82598876953125 436.8280029296875 436.8599853515625 436.8500061035156 436.88800048828125
437.0690002441406 436.9989929199219 436.9630126953125 436.9590148925781 436.9259948730469 436.93499755859375 436.9360046386719 436.9389953613281 436.93499755859375 436.9129943847656 436.9320068359375 436.9280090332031 436.9389953613281 436.9330139160156 436.8970031738281 436.85198974609375 440.9200134277344 440.9020080566406 440.8710021972656 440.77801513671875 440.7439880371094 440.72900390625 440.7019958496094 440.677001953125 440.66400146484375 440.6369934082031 440.6099853515625 440.593994140625 440.5780029296875 440.5360107421875 437.89599609375 436.8420104980469 436.8190002441406 436.8110046386719 436.822998046875 436.843994140625 436.8489990234375 436.8559875488281 436.8689880371094 436.8710021972656 436.87200927734375 436.8900146484375 436.87298583984375 436.90399169921875
437.0199890136719 436.9800109863281 436.95098876953125 436.947998046875 436.9360046386719 436.9389953613281 436.9440002441406 436.93798828125 436.9440002441406 436.92999267578125 436.93701171875 436.9440002441406 436.9320068359375 436.90301513671875 436.8949890136719 436.885986328125 440.8399963378906 440.9129943847656 440.885986328125 440.82598876953125 440.7669982910156 440.7550048828125 440.72698974609375 440.68701171875 440.68798828125 440.64898681640625 440.6260070800781 440.60198974609375 440.5849914550781 440.5669860839844 437.44500732421875 437.3210144042969 436.8219909667969 436.8500061035156 436.8529968261719 436.8169860839844 436.8599853515625 436.85101318359375 436.864013671875 436.8550109863281 436.87200927734375 436.885009765625 436.89801025390625 436.9159851074219
436.9750061035156 436.94000244140625 436.9419860839844 436.9429931640625 436.947998046875 436.9309997558594 436.9320068359375 436.9440002441406 436.9490051269531 436.9469909667969 436.9360046386719 436.93798828125 436.9179992675781 436.9119873046875 436.90301513671875 436.88800048828125 436.87200927734375 440.875 440.8819885253906 440.8689880371094 440.7969970703125 440.7799987792969 440.7430114746094 440.7300109863281 440.6889953613281 440.6579895019531 440.65399169921875 440.635009765625 440.59100341796875 440.56298828125 440.552001953125 436.83099365234375 436.8089904785156 436.8059997558594 436.8590087890625 436.84600830078125 436.875 436.8450012207031 436.86199951171875 436.8710021972656 436.87701416015625 436.864013671875 436.9119873046875 436.92498779296875
436.95098876953125 436.95599365234375 436.95098876953125 436.94500732421875 436.9540100097656 436.9440002441406 436.9490051269531 436.94500732421875 436.9429931640625 436.9219970703125 436.9330139160156 436.92999267578125 436.90399169921875 436.9150085449219 436.9129943847656 436.9010009765625 436.8970031738281 440.8760070800781 440.8739929199219 440.89599609375 440.8800048828125 440.7950134277344 440.74700927734375 440.73699951171875 440.7200012207031 440.65899658203125 440.6390075683594 440.6310119628906 440.5920104980469 440.5840148925781 440.55999755859375 440.5169982910156 436.8349914550781 436.8450012207031 436.8489990234375 436.864990234375 436.8659973144531 436.8819885253906 436.87799072265625 436.875 436.8789978027344 436.8810119628906 436.9079895019531 436.9259948730469
436.9519958496094 436.947998046875 436.9490051269531 436.9599914550781 436.9549865722656 436.9419860839844 436.9289855957031 436.9320068359375 436.9289855957031 436.9209899902344 436.927001953125 439.8340148925781 439.8089904785156 436.8970031738281 436.9049987792969 436.89599609375 436.8710021972656 436.8399963378906 440.90899658203125 440.8900146484375 440.9179992675781 440.8429870605469 440.79400634765625 440.7569885253906 440.7439880371094 440.70001220703125 440.68701171875 440.63299560546875 440.6189880371094 440.593994140625 440.5830078125 440.5469970703125 436.8389892578125 436.8739929199219 436.843994140625 436.95001220703125 436.8760070800781 436.8800048828125 436.875 436.88299560546875 436.87701416015625 436.8659973144531 436.9339904785156 436.9339904785156
436.9490051269531 436.9530029296875 436.9700012207031 436.9679870605469 436.9389953613281 436.9460144042969 436.9490051269531 436.9410095214844 436.9179992675781 439.7760009765625 439.7279968261719 439.7309875488281 439.7919921875 436.8919982910156 436.8940124511719 436.8810119628906 436.90301513671875 436.89898681640625 436.9049987792969 440.885009765625 440.9230041503906 440.9079895019531 440.80999755859375 440.7640075683594 440.74700927734375 440.7049865722656 440.6839904785156 440.66400146484375 440.6210021972656 440.6180114746094 440.5870056152344 440.5679931640625 440.5360107421875 438.6239929199219 437.7019958496094 437.12799072265625 436.92401123046875 436.8800048828125 436.90899658203125 436.88299560546875 436.9200134277344 436.93499755859375 436.9429931640625 436.9549865722656
