verification/cern_meyrin/format_6_grid_asc_meyrin_dtm_20200522_122939/MN_Surface_2017_GRID.asc
ncols 356
nrows 259
xllcorner 2492682.5
yllcorner 1121058.5
cellsize 0.5
[rows 80 to 99 of 259, columns 88 to 131 of 356]
444.27099609375 444.2690124511719 444.2650146484375 444.26300048828125 444.2539978027344 444.1109924316406 443.947998046875 443.6960144042969 443.4219970703125 443.0450134277344 442.8190002441406 442.3299865722656 442.10198974609375 441.7770080566406 441.3529968261719 441.09600830078125 440.8489990234375 440.7149963378906 440.7170104980469 440.87701416015625 440.9519958496094 440.9750061035156 440.9639892578125 441.0069885253906 440.9909973144531 440.9939880371094 440.9859924316406 440.989990234375 440.9570007324219 440.9849853515625 440.95001220703125 440.94500732421875 440.9419860839844 440.92999267578125 441.0589904785156 444.2239990234375 444.4360046386719 448.3599853515625 448.0710144042969 447.9849853515625 447.9859924316406 448.0039978027344 448.0150146484375 448.02398681640625
444.2690124511719 444.22698974609375 444.2330017089844 444.22698974609375 444.1820068359375 444.0690002441406 443.8609924316406 443.62200927734375 443.3039855957031 442.9859924316406 442.6940002441406 442.2619934082031 442.13299560546875 441.7409973144531 441.4859924316406 441.0780029296875 440.8869934082031 440.68499755859375 440.6860046386719 440.7969970703125 440.9729919433594 440.99200439453125 441.0119934082031 441.0559997558594 441.0299987792969 441.01800537109375 441.0010070800781 440.98199462890625 440.99200439453125 440.9679870605469 440.99700927734375 440.9590148925781 440.9639892578125 440.98699951171875 440.9779968261719 441.09100341796875 441.114990234375 448.3290100097656 448.23199462890625 447.99200439453125 447.9849853515625 448.00299072265625 448.0260009765625 448.0159912109375
444.2669982910156 444.2659912109375 444.2640075683594 444.22900390625 444.1990051269531 444.0610046386719 443.8810119628906 443.4620056152344 443.2330017089844 442.93798828125 442.5610046386719 442.3320007324219 442.0710144042969 441.72601318359375 441.3760070800781 441.0740051269531 440.7330017089844 440.66900634765625 440.6709899902344 440.75 440.8949890136719 441.0069885253906 441.05499267578125 441.0580139160156 441.0480041503906 441.0469970703125 441.0580139160156 441.0329895019531 441.0360107421875 441.0140075683594 441.0150146484375 441.00201416015625 441.02099609375 441.010009765625 441.02801513671875 441.135986328125 441.1449890136719 448.31201171875 448.22100830078125 448 448.00201416015625 448.01300048828125 448.0159912109375 448.01300048828125
444.2489929199219 444.2799987792969 444.2879943847656 444.2489929199219 444.1090087890625 443.9540100097656 443.677001953125 443.447998046875 443.20001220703125 442.8169860839844 442.52398681640625 442.2850036621094 441.9649963378906 441.6260070800781 441.37701416015625 441.093994140625 440.81298828125 440.6419982910156 440.62298583984375 440.7179870605469 440.8429870605469 441.0119934082031 441.0459899902344 441.0589904785156 441.0840148925781 441.0690002441406 441.0419921875 441.0559997558594 441.0559997558594 441.06500244140625 441.02099609375 441.0539855957031 441.03900146484375 441.0360107421875 441.04400634765625 441.1210021972656 441.1610107421875 448.32598876953125 448.31298828125 447.9880065917969 447.99200439453125 447.989990234375 448.0150146484375 448.00799560546875
444.2829895019531 444.2380065917969 444.2229919433594 444.218994140625 444.1099853515625 443.78399658203125 443.7179870605469 443.4049987792969 443.08599853515625 442.6579895019531 442.39898681640625 442.1570129394531 441.9209899902344 441.5050048828125 441.3320007324219 440.92999267578125 440.77801513671875 440.656005859375 440.63299560546875 440.64801025390625 440.9169921875 441.0539855957031 441.09698486328125 441.0870056152344 441.1050109863281 441.0820007324219 441.0889892578125 441.0889892578125 441.0830078125 441.07000732421875 441.0639953613281 441.0799865722656 441.0350036621094 441.052001953125 441.0589904785156 441.17401123046875 441.1759948730469 448.30499267578125 448.3139953613281 447.9830017089844 447.9909973144531 447.9949951171875 448.00201416015625 448.0299987792969
444.1889953613281 444.20098876953125 444.1579895019531 444.14300537109375 444.0580139160156 443.82598876953125 443.6709899902344 443.2149963378906 442.8760070800781 442.71099853515625 442.4339904785156 442.0849914550781 441.7279968261719 441.3840026855469 441.281005859375 441.0169982910156 440.77301025390625 440.6440124511719 440.6310119628906 440.6659851074219 440.8900146484375 441.11199951171875 441.1289978027344 441.114013671875 441.12799072265625 441.12799072265625 441.1000061035156 441.10101318359375 441.0849914550781 441.0889892578125 441.0690002441406 441.0790100097656 441.0899963378906 441.093994140625 441.0679931640625 441.1629943847656 441.1960144042969 448.302001953125 448.3139953613281 447.9750061035156 447.9880065917969 448 448 448.0159912109375
444.1719970703125 444.15899658203125 444.1390075683594 444.09698486328125 443.9939880371094 443.6839904785156 443.5010070800781 443.2560119628906 442.99200439453125 442.67401123046875 442.2770080566406 442.1050109863281 441.7250061035156 441.3689880371094 441.2179870605469 440.94000244140625 440.7030029296875 440.6050109863281 440.5870056152344 440.6830139160156 440.8919982910156 441.1260070800781 441.1809997558594 441.1679992675781 441.156005859375 441.1199951171875 441.1059875488281 441.1470031738281 441.11700439453125 441.1189880371094 441.10400390625 441.1130065917969 441.1000061035156 441.114990234375 441.1199951171875 441.1789855957031 441.2200012207031 448.322998046875 448.3210144042969 448.322998046875 448.3210144042969 448.31298828125 448.31298828125 448.3179931640625
444.1719970703125 444.1449890136719 444.12701416015625 444.0920104980469 443.9360046386719 443.67498779296875 443.4440002441406 443.1700134277344 442.85699462890625 442.5299987792969 442.27801513671875 441.84100341796875 441.7099914550781 441.2510070800781 441.1319885253906 440.84100341796875 440.69500732421875 440.56500244140625 440.572998046875 440.7030029296875 440.8340148925781 441.1029968261719 441.2090148925781 441.20599365234375 441.1650085449219 441.19000244140625 441.1830139160156 441.1650085449219 441.1449890136719 441.1449890136719 441.1449890136719 441.1260070800781 441.1340026855469 441.14801025390625 441.1189880371094 441.1570129394531 441.22601318359375 448.3210144042969 448.3389892578125 448.3429870605469 448.4230041503906 448.3070068359375 448.2799987792969 448.27899169921875
444.1839904785156 444.1579895019531 444.1130065917969 444.0220031738281 443.85400390625 443.5369873046875 443.3819885253906 443.06298828125 442.7929992675781 442.4440002441406 441.9909973144531 441.8290100097656 441.6510009765625 441.16400146484375 441.0889892578125 440.8559875488281 440.635986328125 440.51800537109375 440.52899169921875 440.62200927734375 440.76300048828125 441.04998779296875 441.2330017089844 441.2569885253906 441.20001220703125 441.2049865722656 441.2120056152344 441.19500732421875 441.1390075683594 441.1780090332031 441.17999267578125 441.1600036621094 441.156005859375 441.16400146484375 441.1700134277344 441.1470031738281 441.2130126953125 441.2330017089844 441.29901123046875 441.2850036621094 441.2170104980469 441.21099853515625 441.1719970703125 444.0880126953125
444.1700134277344 444.12701416015625 444.0169982910156 443.9880065917969 443.78900146484375 443.54901123046875 443.2919921875 442.98199462890625 442.625 442.4230041503906 442.0150146484375 441.7439880371094 441.4779968261719 441.2130126953125 441.0360107421875 440.7340087890625 440.61700439453125 440.49700927734375 440.4989929199219 440.6199951171875 440.79998779296875 440.9700012207031 441.12799072265625 441.2550048828125 441.2340087890625 441.2250061035156 441.22198486328125 441.2250061035156 441.2070007324219 441.1860046386719 441.1629943847656 441.1910095214844 441.1919860839844 441.18798828125 441.1940002441406 441.17498779296875 441.2309875488281 441.2860107421875 441.2969970703125 441.29400634765625 441.2279968261719 441.2139892578125 441.1929931640625 441.0920104980469
444.1709899902344 444.1189880371094 444.09100341796875 443.97198486328125 443.760009765625 443.4830017089844 443.20599365234375 442.885986328125 442.5379943847656 442.2699890136719 442.0010070800781 441.71099853515625 441.4580078125 441.08599853515625 440.91900634765625 440.7430114746094 440.4939880371094 440.47601318359375 440.4840087890625 440.5060119628906 440.6600036621094 440.93798828125 441.135009765625 441.2460021972656 441.23199462890625 441.2749938964844 441.27099609375 441.2340087890625 441.2380065917969 441.22900390625 441.2099914550781 441.22100830078125 441.2049865722656 441.2239990234375 441.2170104980469 441.197998046875 441.22900390625 441.2959899902344 441.29901123046875 441.3009948730469 441.27398681640625 441.2669982910156 441.17999267578125 441.3290100097656
444.125 444.1080017089844 444.0580139160156 443.7340087890625 443.5509948730469 443.30499267578125 443.1099853515625 442.72698974609375 442.4939880371094 442.2149963378906 441.9440002441406 441.5570068359375 441.2919921875 441.1059875488281 440.8789978027344 440.64898681640625 440.54998779296875 440.4960021972656 440.5119934082031 440.5830078125 440.76800537109375 440.8580017089844 441.1440124511719 441.2120056152344 441.24798583984375 441.281005859375 441.2770080566406 441.260009765625 441.2539978027344 441.23699951171875 441.2330017089844 441.2489929199219 441.2359924316406 441.2040100097656 441.2179870605469 441.2229919433594 441.2430114746094 441.3110046386719 441.3030090332031 441.2919921875 441.27099609375 441.2049865722656 441.1919860839844 441.0989990234375
444.1470031738281 444.1390075683594 444.02801513671875 443.8869934082031 443.5299987792969 443.27398681640625 442.96099853515625 442.69000244140625 442.4070129394531 442.0710144042969 441.7900085449219 441.364990234375 441.3420104980469 441.0989990234375 440.8240051269531 440.6919860839844 440.54400634765625 440.510986328125 440.5159912109375 440.5780029296875 440.6650085449219 440.8699951171875 441.0459899902344 441.29998779296875 441.25299072265625 441.27099609375 441.3039855957031 441.27899169921875 441.260986328125 441.2760009765625 441.27801513671875 441.2980041503906 441.2659912109375 441.260009765625 441.2380065917969 441.22198486328125 441.2560119628906 441.2699890136719 441.29998779296875 441.2909851074219 441.2699890136719 441.2200012207031 441.1929931640625 441.10101318359375
444.1730041503906 444.1099853515625 443.96099853515625 443.6099853515625 443.47198486328125 443.15399169921875 442.94000244140625 442.67401123046875 442.27301025390625 441.9949951171875 441.71099853515625 441.4859924316406 441.2699890136719 441.072998046875 440.8370056152344 440.6579895019531 440.5639953613281 440.52099609375 440.5119934082031 440.572998046875 440.7300109863281 440.8320007324219 441.0379943847656 441.3070068359375 441.29998779296875 441.2720031738281 441.3269958496094 441.3269958496094 441.3039855957031 441.3110046386719 441.3139953613281 441.27801513671875 441.2829895019531 441.2909851074219 441.2720031738281 441.27301025390625 441.2619934082031 441.27099609375 441.3110046386719 441.3290100097656 441.2879943847656 441.25201416015625 441.2070007324219 444.7309875488281
444.1600036621094 444.10101318359375 443.87298583984375 443.57000732421875 443.3970031738281 443.0679931640625 442.8179931640625 442.5190124511719 442.2430114746094 441.9110107421875 441.5740051269531 441.4179992675781 441.2659912109375 441.02301025390625 440.77899169921875 440.5880126953125 440.55999755859375 440.5429992675781 440.52801513671875 440.6000061035156 440.7279968261719 440.8330078125 440.9750061035156 441.26300048828125 441.31500244140625 441.3320007324219 441.3429870605469 441.35198974609375 441.3389892578125 441.3089904785156 441.3550109863281 441.3190002441406 441.2969970703125 441.29998779296875 441.2850036621094 441.3160095214844 441.2980041503906 441.3139953613281 441.35400390625 441.3340148925781 441.28399658203125 441.25799560546875 441.218994140625 444.72900390625
444.1929931640625 444.06298828125 443.8590087890625 443.6650085449219 443.2770080566406 443.03900146484375 442.74200439453125 442.29998779296875 442.15399169921875 441.7879943847656 441.5199890136719 441.3280029296875 441.1570129394531 440.9419860839844 440.75201416015625 440.614990234375 440.5409851074219 440.5360107421875 440.5249938964844 440.5559997558594 440.63800048828125 440.7929992675781 440.9599914550781 441.1820068359375 441.31500244140625 441.3179931640625 441.3919982910156 441.3840026855469 441.37701416015625 441.3659973144531 441.37200927734375 441.343994140625 441.3630065917969 441.31201171875 441.3420104980469 441.3169860839844 441.3330078125 441.3380126953125 441.40399169921875 441.40899658203125 441.31201171875 441.2770080566406 441.2019958496094 444.70001220703125
444.12200927734375 444.0190124511719 443.7090148925781 443.47100830078125 443.2019958496094 442.90301513671875 442.63800048828125 442.2380065917969 442.0589904785156 441.7359924316406 441.51800537109375 441.2879943847656 441.1059875488281 440.9309997558594 440.760009765625 440.6159973144531 440.55499267578125 440.5409851074219 440.5299987792969 440.55499267578125 440.6180114746094 440.760986328125 440.92999267578125 441.0589904785156 441.2340087890625 441.3169860839844 441.3840026855469 441.3890075683594 441.37701416015625 441.38800048828125 441.3789978027344 441.3689880371094 441.385009765625 441.3590087890625 441.34100341796875 441.32598876953125 441.36700439453125 441.3429870605469 441.375 441.41900634765625 441.3380126953125 441.31500244140625 441.2049865722656 444.52099609375
444.1470031738281 443.99798583984375 443.7149963378906 443.3290100097656 443.15899658203125 442.7829895019531 442.4849853515625 442.0929870605469 441.91400146484375 441.6730041503906 441.4339904785156 441.12799072265625 441.0320129394531 440.82501220703125 440.7250061035156 440.62200927734375 440.5580139160156 440.5469970703125 440.5469970703125 440.5580139160156 440.6440124511719 440.74200439453125 440.9280090332031 441.1709899902344 441.2200012207031 441.3070068359375 441.4079895019531 441.42401123046875 441.4049987792969 441.4110107421875 441.4230041503906 441.39599609375 441.4070129394531 441.406005859375 441.39801025390625 441.375 441.3909912109375 441.385009765625 441.39898681640625 441.39801025390625 441.3609924316406 441.3320007324219 441.2380065917969 441.1369934082031
444.0610046386719 443.8210144042969 443.531005859375 443.3059997558594 442.9200134277344 442.677001953125 442.34100341796875 442.072998046875 441.822998046875 441.677001953125 441.3869934082031 441.1629943847656 440.98699951171875 440.8160095214844 440.7049865722656 440.6109924316406 440.5849914550781 440.54400634765625 440.5140075683594 440.5459899902344 440.6130065917969 440.75799560546875 440.9169921875 441.07598876953125 441.2040100097656 441.3370056152344 441.364990234375 441.42498779296875 441.427001953125 441.385009765625 441.4330139160156 441.42999267578125 441.40301513671875 441.4100036621094 441.4150085449219 441.4159851074219 441.385009765625 441.3900146484375 441.4129943847656 441.42999267578125 441.427001953125 441.35198974609375 441.25299072265625 441.19000244140625
444.0429992675781 443.7590026855469 443.4750061035156 443.23199462890625 442.86199951171875 442.6619873046875 442.2690124511719 441.9289855957031 441.7909851074219 441.57501220703125 441.39300537109375 441.12298583984375 440.9729919433594 440.8299865722656 440.72100830078125 440.6130065917969 440.5929870605469 440.5790100097656 440.56201171875 440.5679931640625 440.63800048828125 440.7300109863281 440.8789978027344 441.0669860839844 441.26800537109375 441.32598876953125 441.3890075683594 441.45599365234375 441.4410095214844 441.447998046875 441.4570007324219 441.4389953613281 441.4460144042969 441.44000244140625 441.44500732421875 441.42999267578125 441.3999938964844 441.4320068359375 441.4309997558594 441.4419860839844 441.4100036621094 441.3900146484375 441.27398681640625 441.2200012207031
