verification/cern_meyrin/format_6_grid_asc_meyrin_dtm_20200522_122939/MN_Surface_2017_GRID.asc
ncols 356
nrows 259
xllcorner 2492682.5
yllcorner 1121058.5
cellsize 0.5
[rows 40 to 59 of 259, columns 220 to 263 of 356]
444.04998779296875 443.5719909667969 443.5530090332031 443.56298828125 443.58599853515625 444.010009765625 444.12200927734375 444.0660095214844 439.77099609375 439.7430114746094 439.7560119628906 439.7640075683594 439.7650146484375 439.7569885253906 439.7619934082031 438.8370056152344 437.5920104980469 435.89801025390625 435.76300048828125 435.7300109863281 435.7179870605469 435.7040100097656 435.6789855957031 435.6520080566406 435.6409912109375 435.6470031738281 435.614990234375 435.6719970703125 435.6659851074219 435.6600036621094 435.6889953613281 435.6990051269531 435.7300109863281 435.7950134277344 436.28900146484375 436.9150085449219 436.89300537109375 436.9200134277344 436.9070129394531 436.87799072265625 436.8680114746094 436.87799072265625 436.8810119628906 436.8489990234375
444.0589904785156 444.0740051269531 444.04998779296875 443.6659851074219 443.5570068359375 444.0400085449219 444.0989990234375 439.76800537109375 439.79998779296875 439.7590026855469 439.7659912109375 439.7659912109375 439.75 439.7590026855469 439.77099609375 438.4809875488281 437.1780090332031 435.88299560546875 435.7349853515625 435.7170104980469 435.7279968261719 435.72198486328125 435.6919860839844 435.6130065917969 435.6549987792969 435.6549987792969 435.65399169921875 435.6629943847656 435.6709899902344 435.68798828125 435.7090148925781 435.7239990234375 435.76300048828125 435.927001953125 436.3890075683594 436.9330139160156 436.93798828125 436.94000244140625 436.93499755859375 436.906005859375 436.927001953125 436.9230041503906 436.8689880371094 436.87298583984375
444.08099365234375 444.0469970703125 444.0679931640625 444.0559997558594 444.02099609375 444.0509948730469 444.0069885253906 439.7699890136719 439.781005859375 439.7309875488281 439.7720031738281 439.76800537109375 439.75201416015625 439.7669982910156 439.7550048828125 438.0989990234375 436.83599853515625 435.8330078125 435.739013671875 435.7250061035156 435.718994140625 435.7090148925781 435.68798828125 435.66900634765625 435.6759948730469 435.64599609375 435.6679992675781 435.6679992675781 435.6700134277344 435.67999267578125 435.6050109863281 435.73699951171875 435.78900146484375 435.7640075683594 436.5299987792969 436.9599914550781 436.9630126953125 436.9779968261719 436.9630126953125 436.9729919433594 436.9700012207031 436.97100830078125 436.9570007324219 436.8940124511719
438.35101318359375 438.3370056152344 444.02899169921875 444.0570068359375 444.0639953613281 444.0870056152344 439.7860107421875 439.77099609375 439.7560119628906 439.75299072265625 439.7619934082031 439.77301025390625 439.76300048828125 439.75 438.8299865722656 437.6109924316406 435.9800109863281 435.9599914550781 435.7449951171875 435.7309875488281 435.7139892578125 435.71099853515625 435.6969909667969 435.67401123046875 435.6809997558594 435.6759948730469 435.6700134277344 435.7349853515625 435.6860046386719 435.6730041503906 435.7019958496094 435.7539978027344 435.7619934082031 436.2869873046875 437.00299072265625 437.02801513671875 437.0320129394531 437.0320129394531 437.0190124511719 437.0270080566406 437.02398681640625 437.0270080566406 437.00201416015625 436.9849853515625
438.22698974609375 438.32598876953125 438.2640075683594 438.2669982910156 438.2590026855469 444.0589904785156 438.2330017089844 438.9859924316406 439.7460021972656 439.7460021972656 439.7619934082031 439.7550048828125 439.739013671875 439.75 438.3689880371094 437.0669860839844 436.2309875488281 435.9110107421875 435.76300048828125 435.7560119628906 435.7340087890625 435.7200012207031 435.7080078125 435.7070007324219 435.61199951171875 435.7179870605469 435.71099853515625 435.73199462890625 435.6889953613281 435.6990051269531 435.7070007324219 435.7560119628906 435.9110107421875 436.5360107421875 437.0539855957031 437.07000732421875 437.0719909667969 437.05499267578125 437.0559997558594 437.0589904785156 437.0559997558594 437.0400085449219 437.0429992675781 437.02099609375
438.18798828125 438.1679992675781 438.14801025390625 438.14599609375 438.2359924316406 438.2080078125 438.1929931640625 438.2229919433594 438.2250061035156 438.135009765625 439.7300109863281 439.739990234375 439.7229919433594 439.72698974609375 437.85198974609375 435.8210144042969 435.7569885253906 435.8299865722656 435.81298828125 435.7640075683594 435.7460021972656 435.7309875488281 435.7179870605469 435.6969909667969 435.7170104980469 435.7149963378906 435.7229919433594 435.7200012207031 435.71099853515625 435.7239990234375 435.739990234375 435.9599914550781 435.8280029296875 437.125 437.0570068359375 437.06500244140625 437.125 437.114990234375 437.12799072265625 437.125 437.09600830078125 437.04998779296875 437.05999755859375 437.06500244140625
438.177001953125 438.1520080566406 438.1510009765625 438.1159973144531 438.10400390625 438.0660095214844 438.08599853515625 438.156005859375 438.12799072265625 438.3689880371094 438.0780029296875 438.14801025390625 438.0799865722656 438.3139953613281 437.4020080566406 435.8179931640625 435.7449951171875 435.7590026855469 435.7430114746094 435.77099609375 435.75 435.73199462890625 435.74700927734375 435.7080078125 435.7380065917969 435.7300109863281 435.73199462890625 435.7279968261719 435.7030029296875 435.718994140625 435.7229919433594 436.1520080566406 437.17498779296875 437.1449890136719 437.1679992675781 437.15301513671875 437.1669921875 437.1419982910156 437.1400146484375 437.14300537109375 437.1239929199219 437.12200927734375 437.13299560546875 437.1289978027344
438.1659851074219 438.1520080566406 438.125 438.1159973144531 438.0880126953125 438.0329895019531 438.0150146484375 438.03399658203125 437.989990234375 438.09100341796875 438.08599853515625 438.093994140625 438.0350036621094 437.9339904785156 437.37200927734375 436.0660095214844 435.78900146484375 435.7659912109375 435.7340087890625 435.7049865722656 435.781005859375 435.7359924316406 435.7340087890625 435.71600341796875 435.7279968261719 435.73199462890625 435.7340087890625 435.7569885253906 435.7200012207031 435.73199462890625 435.739013671875 435.9339904785156 437.1990051269531 437.218994140625 437.19500732421875 437.1629943847656 437.1940002441406 437.17999267578125 437.1549987792969 437.20599365234375 437.1619873046875 437.1659851074219 437.1570129394531 437.1449890136719
438.16900634765625 438.1419982910156 438.114013671875 438.0799865722656 438.0719909667969 438.0400085449219 438.0159912109375 437.9949951171875 437.9830017089844 437.9849853515625 437.94500732421875 438.04400634765625 438.0369873046875 437.9809875488281 437.968994140625 437.3529968261719 438.15399169921875 435.8609924316406 435.7909851074219 435.7430114746094 435.72601318359375 435.79400634765625 435.7619934082031 435.7239990234375 435.72900390625 435.72900390625 435.72601318359375 435.7090148925781 435.72900390625 435.7300109863281 435.87799072265625 436.510009765625 437.2359924316406 437.2409973144531 437.2309875488281 437.2300109863281 437.2349853515625 437.20098876953125 437.22100830078125 437.2239990234375 437.2200012207031 437.2120056152344 437.2080078125 437.18701171875
438.1499938964844 438.14599609375 438.1159973144531 438.09600830078125 438.0790100097656 438.02099609375 438.0119934082031 438 437.9570007324219 437.9200134277344 437.91400146484375 437.906005859375 437.95001220703125 437.8699951171875 437.7909851074219 437.72100830078125 437.656005859375 437.9490051269531 437.97198486328125 435.77099609375 435.9309997558594 435.9339904785156 435.7439880371094 435.74798583984375 435.7309875488281 435.7300109863281 435.7049865722656 435.7250061035156 435.7090148925781 435.78900146484375 436.114013671875 436.8529968261719 437.2820129394531 437.2760009765625 437.2659912109375 437.25299072265625 437.29400634765625 437.281005859375 437.2430114746094 437.2640075683594 437.2550048828125 437.2550048828125 437.218994140625 437.2239990234375
438.13299560546875 438.1189880371094 438.0880126953125 438.0639953613281 438.0690002441406 438.0329895019531 438.0199890136719 437.9700012207031 437.9620056152344 437.9429931640625 437.9049987792969 437.8800048828125 437.8890075683594 437.81500244140625 437.8039855957031 437.7820129394531 437.7590026855469 437.77801513671875 437.656005859375 437.8689880371094 437.8760070800781 437.8420104980469 435.7760009765625 435.7149963378906 435.75 435.7430114746094 435.7309875488281 435.74200439453125 435.76300048828125 435.9679870605469 437.3559875488281 437.33599853515625 437.3009948730469 437.2699890136719 437.3089904785156 437.3080139160156 437.3009948730469 437.2659912109375 437.2799987792969 437.2820129394531 437.2869873046875 437.28399658203125 437.2699890136719 437.2770080566406
438.1390075683594 438.093994140625 438.0780029296875 438.072998046875 438.0539855957031 438.010986328125 438.00799560546875 438.00201416015625 437.95001220703125 437.9150085449219 437.9100036621094 437.8800048828125 437.8559875488281 437.83599853515625 437.8110046386719 437.7720031738281 437.7349853515625 437.7439880371094 437.7049865722656 437.7430114746094 437.76800537109375 437.81500244140625 437.8689880371094 437.78900146484375 435.84100341796875 435.7569885253906 435.7409973144531 435.7539978027344 435.8550109863281 436.6719970703125 437.3710021972656 437.3630065917969 437.35699462890625 437.33599853515625 437.31201171875 437.2980041503906 437.3299865722656 437.34100341796875 437.3370056152344 437.33599853515625 437.31201171875 437.2980041503906 437.2980041503906 437.3559875488281
438.1369934082031 438.0690002441406 438.07000732421875 438.02099609375 438.0350036621094 438.0140075683594 437.9809875488281 437.9590148925781 437.9419860839844 437.9049987792969 437.906005859375 437.8800048828125 437.8290100097656 437.8219909667969 437.8089904785156 437.78399658203125 437.7539978027344 437.739990234375 437.7030029296875 437.6929931640625 437.6449890136719 437.70098876953125 437.7200012207031 437.7439880371094 437.7349853515625 437.72900390625 435.8349914550781 436.6159973144531 436.8479919433594 437.09100341796875 437.4049987792969 437.3890075683594 437.3890075683594 437.3689880371094 437.3760070800781 437.36700439453125 437.36199951171875 437.364990234375 437.3630065917969 437.3710021972656 437.35198974609375 437.3210144042969 437.35198974609375 437.3789978027344
438.1000061035156 438.0780029296875 438.0690002441406 438.0450134277344 438.0220031738281 437.968994140625 437.97100830078125 437.9599914550781 437.9530029296875 437.90899658203125 437.9010009765625 437.8500061035156 437.8330078125 437.81500244140625 437.8009948730469 437.7919921875 437.7380065917969 437.718994140625 437.6960144042969 437.6570129394531 437.65399169921875 437.6099853515625 437.5979919433594 437.6549987792969 437.64300537109375 437.66900634765625 437.6889953613281 437.6510009765625 437.59100341796875 437.40301513671875 437.4129943847656 437.4070129394531 437.3890075683594 437.3840026855469 437.3869934082031 437.38299560546875 437.3970031738281 437.4079895019531 437.3559875488281 437.3680114746094 437.35198974609375 437.3659973144531 437.385009765625 437.447998046875
438.093994140625 438.0639953613281 438.0509948730469 438.02099609375 438.0260009765625 438.0050048828125 437.9639892578125 437.9469909667969 437.92999267578125 437.89898681640625 437.8760070800781 437.84698486328125 437.82501220703125 437.8179931640625 437.7799987792969 437.75201416015625 437.73199462890625 437.7080078125 437.6809997558594 437.64898681640625 437.6340026855469 437.62200927734375 437.5950012207031 437.5840148925781 437.50799560546875 437.5360107421875 437.58599853515625 437.614990234375 437.6180114746094 437.53399658203125 437.4880065917969 437.4179992675781 437.42401123046875 437.42498779296875 437.39801025390625 437.4150085449219 437.39599609375 437.4219970703125 437.385986328125 437.4100036621094 437.4070129394531 437.3800048828125 437.4639892578125 437.4590148925781
438.09100341796875 438.0559997558594 438.0570068359375 438.02099609375 438.00201416015625 437.94500732421875 437.9440002441406 437.9339904785156 437.9289855957031 437.90899658203125 437.8949890136719 437.85400390625 437.8280029296875 437.81298828125 437.77099609375 437.7619934082031 437.7340087890625 437.7120056152344 437.68499755859375 437.6669921875 437.61700439453125 437.5899963378906 437.6000061035156 437.5669860839844 437.572998046875 437.5270080566406 437.5050048828125 437.50299072265625 437.4809875488281 437.47601318359375 437.4809875488281 437.41400146484375 437.4289855957031 437.4469909667969 437.4230041503906 437.4259948730469 437.4259948730469 437.4289855957031 437.3949890136719 437.4100036621094 437.39599609375 437.4119873046875 437.4930114746094 437.50299072265625
438.0690002441406 438.0539855957031 438.0159912109375 437.9729919433594 437.9939880371094 437.98199462890625 437.94500732421875 437.9230041503906 437.90301513671875 437.885986328125 437.8680114746094 437.8269958496094 437.8179931640625 437.7850036621094 437.77301025390625 437.75201416015625 437.7229919433594 437.6780090332031 437.6719970703125 437.6510009765625 437.62701416015625 437.5979919433594 437.5989990234375 437.5769958496094 437.552001953125 437.4800109863281 437.5159912109375 437.4989929199219 437.47601318359375 437.4630126953125 437.468994140625 437.4649963378906 437.4440002441406 437.4519958496094 437.447998046875 437.4469909667969 437.4490051269531 437.4289855957031 437.4070129394531 437.4259948730469 437.4150085449219 437.4150085449219 437.49700927734375 437.52301025390625
438.0740051269531 438.0719909667969 438.02899169921875 437.9840087890625 437.9580078125 437.9590148925781 437.94500732421875 437.9159851074219 437.8869934082031 437.8550109863281 437.8699951171875 437.86700439453125 437.80499267578125 437.77301025390625 437.77099609375 437.7550048828125 437.7170104980469 437.6910095214844 437.65899658203125 437.656005859375 437.6310119628906 437.60699462890625 437.6050109863281 437.57000732421875 437.5409851074219 437.5360107421875 437.5199890136719 437.5010070800781 437.47900390625 437.4599914550781 437.4670104980469 437.4540100097656 437.4540100097656 437.4620056152344 437.45001220703125 437.4389953613281 437.43499755859375 437.4519958496094 437.43701171875 437.42999267578125 437.4010009765625 437.4159851074219 437.48199462890625 437.52899169921875
438.1080017089844 438.08099365234375 438.0690002441406 437.99200439453125 437.97900390625 437.9339904785156 437.9129943847656 437.8999938964844 437.8869934082031 437.8599853515625 437.8330078125 437.8070068359375 437.7909851074219 437.7699890136719 437.75799560546875 437.7439880371094 437.718994140625 437.66900634765625 437.6709899902344 437.6579895019531 437.6260070800781 437.5989990234375 437.59100341796875 437.5679931640625 437.54998779296875 437.5469970703125 437.5090026855469 437.5069885253906 437.48199462890625 437.47900390625 437.43798828125 437.4519958496094 437.44500732421875 437.4339904785156 437.4460144042969 437.4289855957031 437.4129943847656 437.4469909667969 437.4200134277344 437.427001953125 437.4209899902344 437.40301513671875 437.4580078125 437.52899169921875
438.1499938964844 438.1260070800781 438.0790100097656 437.9729919433594 437.97198486328125 437.9440002441406 437.906005859375 437.89599609375 437.8739929199219 437.8559875488281 437.8290100097656 437.8299865722656 437.77899169921875 437.77301025390625 437.75201416015625 437.7229919433594 437.6990051269531 437.67498779296875 437.65899658203125 437.6400146484375 437.614013671875 437.6090087890625 437.5920104980469 437.5509948730469 437.5469970703125 437.5419921875 437.52099609375 437.5190124511719 437.4909973144531 437.4779968261719 437.4590148925781 437.45001220703125 437.4460144042969 437.4330139160156 437.447998046875 437.4440002441406 437.4360046386719 437.4339904785156 437.4209899902344 437.40301513671875 437.3999938964844 437.36199951171875 437.37799072265625 437.4519958496094
