verification/cern_meyrin/format_6_grid_asc_meyrin_dtm_20200522_122939/MN_Surface_2017_GRID.asc
ncols 356
nrows 259
xllcorner 2492682.5
yllcorner 1121058.5
cellsize 0.5
[rows 80 to 99 of 259, columns 132 to 175 of 356]
448.02398681640625 448.02301025390625 448.07501220703125 448.0530090332031 448.0580139160156 448.07000732421875 448.08599853515625 448.09698486328125 448.1080017089844 448.1189880371094 448.2799987792969 448.3269958496094 444.7449951171875 444.7340087890625 444.73699951171875 444.75799560546875 444.73199462890625 444.73699951171875 444.7330017089844 444.7229919433594 444.7250061035156 444.73199462890625 444.73699951171875 444.75201416015625 444.7300109863281 444.7070007324219 444.7139892578125 444.7049865722656 444.7229919433594 444.7139892578125 444.7139892578125 444.7149963378906 444.71600341796875 444.7149963378906 444.7200012207031 444.7080078125 444.7179870605469 444.7090148925781 444.7130126953125 444.70599365234375 444.7070007324219 444.7099914550781 444.72100830078125 444.71600341796875
448.02398681640625 448.0429992675781 448.052001953125 448.0409851074219 448.0580139160156 448.0880126953125 448.0690002441406 448.0979919433594 448.10699462890625 448.12200927734375 448.29400634765625 448.2869873046875 444.760009765625 444.7460021972656 444.7510070800781 444.7309875488281 444.72100830078125 444.7099914550781 444.718994140625 444.739013671875 444.72100830078125 444.7120056152344 444.72601318359375 444.71099853515625 444.7080078125 444.7019958496094 444.7099914550781 444.697998046875 444.7049865722656 444.7019958496094 444.7049865722656 444.7229919433594 444.6940002441406 444.70098876953125 444.7030029296875 444.7030029296875 444.7090148925781 444.7040100097656 444.7120056152344 444.697998046875 444.70001220703125 444.6929931640625 444.6929931640625 444.6860046386719
448.0169982910156 448.0409851074219 448.0509948730469 448.0539855957031 448.06201171875 448.07000732421875 448.0790100097656 448.0899963378906 448.12701416015625 448.1310119628906 448.31500244140625 448.31201171875 444.7239990234375 444.7489929199219 444.7380065917969 444.7250061035156 444.7080078125 444.7330017089844 444.72698974609375 444.7340087890625 444.7049865722656 444.697998046875 444.7179870605469 444.697998046875 444.70001220703125 444.7030029296875 444.6990051269531 444.68798828125 444.69000244140625 444.677001953125 444.7099914550781 444.6839904785156 444.68701171875 444.7019958496094 444.7040100097656 444.7080078125 444.71600341796875 444.69000244140625 444.6820068359375 444.7049865722656 444.6940002441406 444.697998046875 444.71600341796875 444.68701171875
448.0199890136719 448.031005859375 448.0270080566406 448.0589904785156 448.04998779296875 448.07501220703125 448.0740051269531 448.1029968261719 448.1099853515625 448.11700439453125 448.2850036621094 448.2900085449219 444.697998046875 444.73199462890625 444.7170104980469 444.7149963378906 444.7099914550781 444.7070007324219 444.6940002441406 444.6990051269531 444.7120056152344 444.7049865722656 444.7080078125 444.6860046386719 444.6830139160156 444.6839904785156 444.6730041503906 444.69000244140625 444.70001220703125 444.67999267578125 444.677001953125 444.6809997558594 444.6839904785156 444.6839904785156 444.6659851074219 445.3760070800781 446.3789978027344 446.375 446.3970031738281 444.6830139160156 444.6969909667969 444.6969909667969 444.6789855957031 444.67498779296875
448.0119934082031 448.0249938964844 448.0530090332031 448.0580139160156 448.05999755859375 448.0710144042969 448.0790100097656 448.1000061035156 448.1050109863281 448.11700439453125 448.2900085449219 448.2799987792969 444.697998046875 444.7120056152344 444.6910095214844 444.6969909667969 444.68798828125 444.70001220703125 446.3489990234375 446.3699951171875 446.375 444.68499755859375 444.7149963378906 444.67401123046875 444.6809997558594 444.6860046386719 444.6759948730469 444.66400146484375 444.6839904785156 444.69500732421875 444.67401123046875 444.67999267578125 444.6889953613281 444.6709899902344 444.6809997558594 446.3489990234375 446.3919982910156 446.4110107421875 446.36700439453125 444.6759948730469 444.6820068359375 444.6719970703125 444.67999267578125 444.6659851074219
448.0299987792969 448.0299987792969 448.1340026855469 448.2300109863281 448.239013671875 448.2820129394531 448.2760009765625 448.2770080566406 448.2969970703125 448.3089904785156 448.28399658203125 448.2929992675781 444.71099853515625 444.6960144042969 444.68499755859375 444.6910095214844 444.68701171875 446.3059997558594 446.3949890136719 446.3940124511719 446.3739929199219 444.6929931640625 444.69000244140625 444.67401123046875 444.6700134277344 444.6839904785156 444.67498779296875 444.6669921875 444.6820068359375 444.6830139160156 444.67401123046875 444.67498779296875 444.6570129394531 444.7040100097656 444.66400146484375 444.6610107421875 446.3909912109375 446.385986328125 446.375 444.6600036621094 444.6730041503906 444.6629943847656 444.6789855957031 444.6830139160156
448.3190002441406 448.34698486328125 448.33099365234375 448.3280029296875 448.2969970703125 448.3089904785156 448.3080139160156 448.30999755859375 448.29901123046875 448.3219909667969 448.302001953125 444.8900146484375 444.7030029296875 444.6889953613281 444.6780090332031 444.677001953125 444.697998046875 446.2340087890625 446.3590087890625 446.385986328125 446.37298583984375 444.6520080566406 444.6499938964844 444.6709899902344 444.6600036621094 444.6889953613281 444.6619873046875 444.6570129394531 444.6549987792969 444.65899658203125 444.6669921875 444.67498779296875 444.6700134277344 444.6610107421875 444.6520080566406 444.67498779296875 446.39898681640625 444.64599609375 444.6510009765625 444.6619873046875 444.65899658203125 444.6600036621094 444.6549987792969 444.6440124511719
443.6210021972656 444.625 442.90301513671875 442.89300537109375 442.8810119628906 442.9010009765625 442.9419860839844 442.8810119628906 442.8999938964844 442.9230041503906 444.8659973144531 444.8970031738281 444.6579895019531 444.6820068359375 444.67999267578125 444.6730041503906 444.6650085449219 446.3869934082031 446.3810119628906 446.364990234375 446.34698486328125 444.6369934082031 444.6570129394531 444.6719970703125 444.67498779296875 444.65399169921875 444.6579895019531 444.6340026855469 444.6510009765625 444.65899658203125 444.6520080566406 444.6340026855469 444.6610107421875 444.65399169921875 444.66400146484375 444.6409912109375 444.6570129394531 444.6579895019531 444.64898681640625 444.656005859375 444.64898681640625 444.6570129394531 444.64599609375 444.65399169921875
443.7900085449219 444.60101318359375 441.06201171875 442.947998046875 442.96099853515625 442.9909973144531 442.9630126953125 442.9750061035156 443.0060119628906 442.9729919433594 444.88299560546875 444.8999938964844 444.6669921875 444.6669921875 444.6839904785156 444.67401123046875 444.6449890136719 444.66400146484375 444.6400146484375 444.70098876953125 444.62799072265625 444.6809997558594 444.6650085449219 444.6549987792969 444.656005859375 444.6310119628906 444.6400146484375 444.64599609375 444.6440124511719 444.64599609375 444.65301513671875 444.6579895019531 444.65399169921875 444.6549987792969 444.9570007324219 444.6419982910156 444.6400146484375 444.6440124511719 444.656005859375 444.6300048828125 444.6499938964844 444.6390075683594 444.6409912109375 444.64599609375
441.0889892578125 441.0719909667969 442.5369873046875 442.9930114746094 442.9779968261719 443.00799560546875 442.9830017089844 443.031005859375 442.99200439453125 444.8760070800781 444.9110107421875 444.9230041503906 444.6709899902344 444.6629943847656 444.6629943847656 444.6619873046875 444.6400146484375 444.6610107421875 444.64300537109375 444.63800048828125 444.65899658203125 444.656005859375 444.6400146484375 444.64801025390625 444.6300048828125 444.6510009765625 444.6419982910156 444.64300537109375 444.6520080566406 444.64599609375 444.64599609375 444.6369934082031 444.6419982910156 444.6700134277344 444.64898681640625 444.7659912109375 444.8689880371094 444.82000732421875 444.75 444.83599853515625 444.6650085449219 444.9100036621094 444.8630065917969 444.85101318359375
441.97698974609375 441.8680114746094 444.3739929199219 444.40301513671875 444.3909912109375 444.3869934082031 441.75201416015625 441.7359924316406 442.72698974609375 444.4989929199219 445.9700012207031 446.4440002441406 446.38800048828125 444.6730041503906 444.66900634765625 444.6470031738281 444.6730041503906 444.6610107421875 444.6579895019531 444.6650085449219 444.6470031738281 444.64599609375 444.6579895019531 444.7349853515625 444.7149963378906 444.8420104980469 444.8500061035156 444.8389892578125 444.6709899902344 444.7919921875 444.7770080566406 444.802001953125 444.8590087890625 444.8160095214844 444.8039855957031 444.8559875488281 444.42498779296875 438.9339904785156 438.97601318359375 439.01300048828125 438.93798828125 440.89300537109375 438.9809875488281 438.947998046875
441.7959899902344 444.0979919433594 444.364990234375 444.38800048828125 444.3739929199219 444.08599853515625 444.17999267578125 444.08599853515625 444.0220031738281 443.9570007324219 440.7640075683594 446.4519958496094 446.406005859375 444.7900085449219 444.8399963378906 444.79998779296875 444.7040100097656 444.8680114746094 444.82501220703125 444.8059997558594 444.64599609375 444.73199462890625 444.84100341796875 444.87701416015625 444.9150085449219 442.9989929199219 443.0350036621094 443.00299072265625 443 442.9849853515625 442.9930114746094 438.968994140625 438.9599914550781 438.9580078125 438.9490051269531 438.93499755859375 438.9339904785156 438.9360046386719 438.9230041503906 438.9119873046875 438.9020080566406 438.9280090332031 438.9670104980469 438.9429931640625
444.12200927734375 444.56500244140625 444.5119934082031 444.4049987792969 444.34698486328125 444.302001953125 444.19500732421875 444.1579895019531 444.0270080566406 443.9530029296875 440.635009765625 444.8630065917969 444.8739929199219 444.8869934082031 440.16900634765625 439.8800048828125 439.5119934082031 439.2659912109375 439.0880126953125 438.8399963378906 438.8290100097656 438.8609924316406 442.95001220703125 442.9320068359375 442.9230041503906 442.9360046386719 442.90301513671875 442.9159851074219 442.9159851074219 442.91900634765625 442.93701171875 438.94500732421875 438.9410095214844 438.95098876953125 438.9360046386719 438.93499755859375 438.9320068359375 438.92401123046875 438.927001953125 438.9230041503906 438.93798828125 438.9330139160156 438.9429931640625 438.9309997558594
444.64801025390625 444.5950012207031 444.510986328125 444.4590148925781 444.34100341796875 444.27899169921875 444.1929931640625 444.12701416015625 444.03399658203125 443.9930114746094 440.6470031738281 440.6449890136719 440.552001953125 440.3919982910156 440.0379943847656 439.8940124511719 439.5039978027344 439.26300048828125 438.9580078125 438.88800048828125 438.87200927734375 442.9549865722656 442.89801025390625 442.87701416015625 442.87200927734375 442.85699462890625 442.8479919433594 442.8529968261719 442.8340148925781 442.8500061035156 442.8179931640625 438.9490051269531 438.9289855957031 438.9320068359375 438.93701171875 438.95098876953125 438.94500732421875 438.92498779296875 438.927001953125 438.93798828125 438.95098876953125 438.9670104980469 438.968994140625 438.9599914550781
444.6830139160156 444.5979919433594 444.5260009765625 444.4020080566406 444.3529968261719 444.2900085449219 444.2170104980469 444.11700439453125 444.0870056152344 444.0010070800781 440.6809997558594 440.6440124511719 440.5429992675781 440.489013671875 440.2770080566406 439.89300537109375 439.5889892578125 439.24700927734375 439.0539855957031 438.9570007324219 438.90301513671875 438.87701416015625 442.8450012207031 442.78399658203125 442.8190002441406 442.78900146484375 442.7980041503906 442.78399658203125 442.7659912109375 442.7690124511719 442.7380065917969 438.95599365234375 438.9679870605469 438.93798828125 438.9649963378906 438.9880065917969 438.97601318359375 438.9580078125 438.9739990234375 438.9670104980469 438.9949951171875 438.97900390625 438.98199462890625 438.9989929199219
444.7239990234375 444.61199951171875 444.55499267578125 444.45001220703125 444.3699951171875 444.30499267578125 444.2439880371094 444.1390075683594 444.0799865722656 444.01800537109375 440.66900634765625 440.6549987792969 440.6300048828125 440.5570068359375 440.4700012207031 440.0979919433594 439.65399169921875 439.28399658203125 439.1419982910156 438.989013671875 438.9179992675781 438.8840026855469 442.74200439453125 442.7380065917969 442.6960144042969 442.72601318359375 442.7120056152344 442.6969909667969 442.6929931640625 442.71099853515625 442.6570129394531 440.1929931640625 438.9930114746094 439.00799560546875 439.0050048828125 438.98199462890625 438.9630126953125 438.968994140625 438.9590148925781 438.968994140625 439.0069885253906 438.989990234375 438.98699951171875 438.9679870605469
444.71099853515625 444.64300537109375 444.5880126953125 444.47900390625 444.4110107421875 444.3290100097656 444.24798583984375 444.17498779296875 444.09600830078125 444.0270080566406 443.9389953613281 440.6549987792969 440.60101318359375 440.5740051269531 440.50799560546875 440.15399169921875 439.64599609375 439.3699951171875 439.0979919433594 439.0010070800781 438.9339904785156 438.9429931640625 442.6600036621094 442.6809997558594 442.6470031738281 442.6310119628906 442.6449890136719 442.6130065917969 442.6050109863281 442.6090087890625 442.6059875488281 438.9670104980469 438.97601318359375 439.00799560546875 438.9930114746094 438.95098876953125 438.9679870605469 438.96099853515625 438.9339904785156 438.97698974609375 439.010986328125 439.00201416015625 438.989013671875 438.9930114746094
444.70098876953125 444.6940002441406 444.5580139160156 444.48199462890625 444.4129943847656 444.3389892578125 444.2550048828125 444.1730041503906 444.0950012207031 444.0329895019531 443.9519958496094 440.6260070800781 440.6099853515625 440.5799865722656 440.50799560546875 440.1570129394531 439.7430114746094 439.4419860839844 439.2279968261719 439.0509948730469 438.9840087890625 438.9620056152344 438.9259948730469 442.4670104980469 438.9389953613281 438.9100036621094 438.91900634765625 438.92401123046875 438.9519958496094 438.96099853515625 438.968994140625 438.9849853515625 438.9859924316406 438.98699951171875 438.97601318359375 438.9679870605469 438.97100830078125 438.9729919433594 438.9599914550781 439.02398681640625 439.0409851074219 439.0690002441406 439.0539855957031 439.0790100097656
444.7170104980469 444.69000244140625 444.6159973144531 444.5039978027344 444.447998046875 444.3349914550781 444.27801513671875 444.20599365234375 444.1400146484375 444.0509948730469 443.9989929199219 440.6210021972656 440.60198974609375 440.58099365234375 440.4639892578125 440.2449951171875 439.7560119628906 439.51300048828125 439.2760009765625 439.1889953613281 439.00799560546875 439.010986328125 438.9440002441406 438.9389953613281 438.9549865722656 438.947998046875 438.9320068359375 438.9309997558594 438.9590148925781 438.96099853515625 438.9679870605469 439.00799560546875 439.031005859375 439.0419921875 439.02899169921875 439.0539855957031 439.0790100097656 439.0570068359375 439.114013671875 439.1579895019531 439.17401123046875 439.2179870605469 439.19500732421875 439.22698974609375
444.7019958496094 444.69500732421875 444.6189880371094 444.54998779296875 444.4570007324219 444.3489990234375 444.2919921875 444.2170104980469 444.1579895019531 444.0639953613281 444 440.635009765625 440.63299560546875 440.5379943847656 440.4639892578125 440.2619934082031 439.93701171875 439.65301513671875 439.32501220703125 439.2309875488281 439.0880126953125 439.0379943847656 438.99200439453125 438.97698974609375 438.9779968261719 438.96099853515625 438.9949951171875 438.9639892578125 438.9909973144531 439.010986328125 439.0429992675781 439.0429992675781 439.10198974609375 439.14801025390625 439.18701171875 439.2380065917969 439.29901123046875 439.3479919433594 439.343994140625 439.364013671875 439.3909912109375 439.4339904785156 439.4150085449219 439.4360046386719
